1.3333e-08 9.9999e-09 6.6666e-09 3.3333e-09
0.024805 0.013356 -0.026486 0.031476
0.15471 -0.058905 -0.13703 0.06825
0.14709 -0.092326 -0.15461 0.069323
0.15026 -0.091481 -0.15376 0.07026
0.22797 -0.17739 -0.17734 0.10106
0.23306 -0.17426 -0.17499 0.10242
0.23654 -0.16909 -0.17221 0.10317
0.23778 -0.16587 -0.17069 0.10336
0.29585 -0.24136 -0.18353 0.12503
0.35534 -0.32351 -0.1896 0.14846
0.40874 -0.40515 -0.19016 0.17099
0.54595 -0.61338 -0.16849 0.23104
0.58033 -0.67411 -0.15865 0.24745
0.68205 -0.84251 -0.11807 0.29604
0.70852 -0.89387 -0.10484 0.30979
-0.0038158 0.0075148 -0.0030765 -0.0011281
-0.034597 0.0060182 0.019704 -0.036875
-0.17394 0.13963 0.062865 -0.085317
-0.16763 0.18122 0.071561 -0.088027
-0.17064 0.18046 0.070253 -0.088942
-0.24299 0.28881 0.050799 -0.12272
-0.24763 0.28505 0.048403 -0.12388
-0.25051 0.27832 0.046596 -0.12425
-0.25147 0.27416 0.045833 -0.12424
-0.30367 0.36428 0.025703 -0.1474
-0.35516 0.45905 -0.0026671 -0.1716
-0.39928 0.55027 -0.034652 -0.19413
-0.50511 0.76947 -0.13447 -0.25038
-0.52955 0.83143 -0.16531 -0.26517
-0.59911 0.99491 -0.26 -0.30692
-0.61571 1.0444 -0.28873 -0.31849
